Time,Vx,Vy
 0.01 -0.01
-0.01  0.01
0
0
100.01  -0.01
 -0.01   0.01
        0
0.0627905
100.01  -0.01
 -0.01   0.01
0.0627905
 0.125333
100.01  -0.01
 -0.01   0.01
0.188124
0.187381
100.01  -0.01
 -0.01   0.01
0.375505
 0.24869
100.01  -0.01
 -0.01   0.01
0.624195
0.309017
100.01  -0.01
 -0.01   0.01
0.933212
0.368125
100.01  -0.01
 -0.01   0.01
 1.30134
0.425779
100.01  -0.01
 -0.01   0.01
 1.72712
0.481754
100.01  -0.01
 -0.01   0.01
 2.20887
0.535827
100.01  -0.01
 -0.01   0.01
  2.7447
0.587785
100.01  -0.01
 -0.01   0.01
 3.33248
0.637424
100.01  -0.01
 -0.01   0.01
 3.96991
0.684547
100.01  -0.01
 -0.01   0.01
 4.65445
0.728969
100.01  -0.01
 -0.01   0.01
 5.38342
0.770513
100.01  -0.01
 -0.01   0.01
 6.15393
0.809017
100.01  -0.01
 -0.01   0.01
 6.96295
0.844328
100.01  -0.01
 -0.01   0.01
 7.80728
0.876307
100.01  -0.01
 -0.01   0.01
 8.68359
0.904827
100.01  -0.01
 -0.01   0.01
 9.58841
0.929776
100.01  -0.01
 -0.01   0.01
 10.5182
0.951057
100.01  -0.01
 -0.01   0.01
 11.4692
0.968583
100.01  -0.01
 -0.01   0.01
 12.4378
0.982287
100.01  -0.01
 -0.01   0.01
 13.4201
0.992115
100.01  -0.01
 -0.01   0.01
 14.4122
0.998027
100.01  -0.01
 -0.01   0.01
15.4103
      1
100.01  -0.01
 -0.01   0.01
 16.4103
0.998027
100.01  -0.01
 -0.01   0.01
 17.4083
0.992115
100.01  -0.01
 -0.01   0.01
 18.4004
0.982287
100.01  -0.01
 -0.01   0.01
 19.3827
0.968583
100.01  -0.01
 -0.01   0.01
 20.3513
0.951057
100.01  -0.01
 -0.01   0.01
 21.3023
0.929776
100.01  -0.01
 -0.01   0.01
 22.2321
0.904827
100.01  -0.01
 -0.01   0.01
 23.1369
0.876307
100.01  -0.01
 -0.01   0.01
 24.0132
0.844328
100.01  -0.01
 -0.01   0.01
 24.8576
0.809017
100.01  -0.01
 -0.01   0.01
 25.6666
0.770513
100.01  -0.01
 -0.01   0.01
 26.4371
0.728969
100.01  -0.01
 -0.01   0.01
 27.1661
0.684547
100.01  -0.01
 -0.01   0.01
 27.8506
0.637424
100.01  -0.01
 -0.01   0.01
  28.488
0.587785
100.01  -0.01
 -0.01   0.01
 29.0758
0.535827
100.01  -0.01
 -0.01   0.01
 29.6116
0.481754
100.01  -0.01
 -0.01   0.01
 30.0934
0.425779
100.01  -0.01
 -0.01   0.01
 30.5192
0.368125
100.01  -0.01
 -0.01   0.01
 30.8873
0.309017
100.01  -0.01
 -0.01   0.01
31.1963
0.24869
100.01  -0.01
 -0.01   0.01
  31.445
0.187381
100.01  -0.01
 -0.01   0.01
 31.6324
0.125333
100.01  -0.01
 -0.01   0.01
  31.7577
0.0627905
100.01  -0.01
 -0.01   0.01
     31.8205
-3.87434e-15
100.01  -0.01
 -0.01   0.01
   31.8205
-0.0627905
100.01  -0.01
 -0.01   0.01
  31.7577
-0.125333
100.01  -0.01
 -0.01   0.01
  31.6324
-0.187381
100.01  -0.01
 -0.01   0.01
  31.445
-0.24869
100.01  -0.01
 -0.01   0.01
  31.1963
-0.309017
100.01  -0.01
 -0.01   0.01
  30.8873
-0.368125
100.01  -0.01
 -0.01   0.01
  30.5192
-0.425779
100.01  -0.01
 -0.01   0.01
  30.0934
-0.481754
100.01  -0.01
 -0.01   0.01
  29.6116
-0.535827
100.01  -0.01
 -0.01   0.01
  29.0758
-0.587785
100.01  -0.01
 -0.01   0.01
   28.488
-0.637424
100.01  -0.01
 -0.01   0.01
  27.8506
-0.684547
100.01  -0.01
 -0.01   0.01
  27.1661
-0.728969
100.01  -0.01
 -0.01   0.01
  26.4371
-0.770513
100.01  -0.01
 -0.01   0.01
  25.6666
-0.809017
100.01  -0.01
 -0.01   0.01
  24.8576
-0.844328
100.01  -0.01
 -0.01   0.01
  24.0132
-0.876307
100.01  -0.01
 -0.01   0.01
  23.1369
-0.904827
100.01  -0.01
 -0.01   0.01
  22.2321
-0.929776
100.01  -0.01
 -0.01   0.01
  21.3023
-0.951057
100.01  -0.01
 -0.01   0.01
  20.3513
-0.968583
100.01  -0.01
 -0.01   0.01
  19.3827
-0.982287
100.01  -0.01
 -0.01   0.01
  18.4004
-0.992115
100.01  -0.01
 -0.01   0.01
  17.4083
-0.998027
100.01  -0.01
 -0.01   0.01
16.4103
     -1
100.01  -0.01
 -0.01   0.01
  15.4103
-0.998027
100.01  -0.01
 -0.01   0.01
  14.4122
-0.992115
100.01  -0.01
 -0.01   0.01
  13.4201
-0.982287
100.01  -0.01
 -0.01   0.01
  12.4378
-0.968583
100.01  -0.01
 -0.01   0.01
  11.4692
-0.951057
100.01  -0.01
 -0.01   0.01
  10.5182
-0.929776
100.01  -0.01
 -0.01   0.01
  9.58841
-0.904827
100.01  -0.01
 -0.01   0.01
  8.68359
-0.876307
100.01  -0.01
 -0.01   0.01
  7.80728
-0.844328
100.01  -0.01
 -0.01   0.01
  6.96295
-0.809017
100.01  -0.01
 -0.01   0.01
  6.15393
-0.770513
100.01  -0.01
 -0.01   0.01
  5.38342
-0.728969
100.01  -0.01
 -0.01   0.01
  4.65445
-0.684547
100.01  -0.01
 -0.01   0.01
  3.96991
-0.637424
100.01  -0.01
 -0.01   0.01
  3.33248
-0.587785
100.01  -0.01
 -0.01   0.01
   2.7447
-0.535827
100.01  -0.01
 -0.01   0.01
  2.20887
-0.481754
100.01  -0.01
 -0.01   0.01
  1.72712
-0.425779
100.01  -0.01
 -0.01   0.01
  1.30134
-0.368125
100.01  -0.01
 -0.01   0.01
 0.933212
-0.309017
100.01  -0.01
 -0.01   0.01
0.624195
-0.24869
100.01  -0.01
 -0.01   0.01
 0.375505
-0.187381
100.01  -0.01
 -0.01   0.01
 0.188124
-0.125333
100.01  -0.01
 -0.01   0.01
 0.0627905
-0.0627905
100.01  -0.01
 -0.01   0.01
-2.87241e-14
 1.21896e-14
100.01  -0.01
 -0.01   0.01
-1.65346e-14
   0.0627905
100.01  -0.01
 -0.01   0.01
0.0627905
 0.125333
100.01  -0.01
 -0.01   0.01
0.188124
0.187381
100.01  -0.01
 -0.01   0.01
0.375505
 0.24869
100.01  -0.01
 -0.01   0.01
0.624195
0.309017
100.01  -0.01
 -0.01   0.01
0.933212
0.368125
100.01  -0.01
 -0.01   0.01
 1.30134
0.425779
100.01  -0.01
 -0.01   0.01
 1.72712
0.481754
100.01  -0.01
 -0.01   0.01
 2.20887
0.535827
100.01  -0.01
 -0.01   0.01
  2.7447
0.587785
100.01  -0.01
 -0.01   0.01
 3.33248
0.637424
100.01  -0.01
 -0.01   0.01
 3.96991
0.684547
100.01  -0.01
 -0.01   0.01
 4.65445
0.728969
100.01  -0.01
 -0.01   0.01
 5.38342
0.770513
100.01  -0.01
 -0.01   0.01
 6.15393
0.809017
100.01  -0.01
 -0.01   0.01
 6.96295
0.844328
100.01  -0.01
 -0.01   0.01
 7.80728
0.876307
100.01  -0.01
 -0.01   0.01
 8.68359
0.904827
100.01  -0.01
 -0.01   0.01
 9.58841
0.929776
100.01  -0.01
 -0.01   0.01
 10.5182
0.951057
100.01  -0.01
 -0.01   0.01
 11.4692
0.968583
100.01  -0.01
 -0.01   0.01
 12.4378
0.982287
100.01  -0.01
 -0.01   0.01
 13.4201
0.992115
100.01  -0.01
 -0.01   0.01
 14.4122
0.998027
100.01  -0.01
 -0.01   0.01
15.4103
      1
100.01  -0.01
 -0.01   0.01
 16.4103
0.998027
100.01  -0.01
 -0.01   0.01
 17.4083
0.992115
100.01  -0.01
 -0.01   0.01
 18.4004
0.982287
100.01  -0.01
 -0.01   0.01
 19.3827
0.968583
100.01  -0.01
 -0.01   0.01
 20.3513
0.951057
100.01  -0.01
 -0.01   0.01
 21.3023
0.929776
100.01  -0.01
 -0.01   0.01
 22.2321
0.904827
100.01  -0.01
 -0.01   0.01
 23.1369
0.876307
100.01  -0.01
 -0.01   0.01
 24.0132
0.844328
100.01  -0.01
 -0.01   0.01
 24.8576
0.809017
100.01  -0.01
 -0.01   0.01
 25.6666
0.770513
100.01  -0.01
 -0.01   0.01
 26.4371
0.728969
100.01  -0.01
 -0.01   0.01
 27.1661
0.684547
100.01  -0.01
 -0.01   0.01
 27.8506
0.637424
100.01  -0.01
 -0.01   0.01
  28.488
0.587785
100.01  -0.01
 -0.01   0.01
 29.0758
0.535827
100.01  -0.01
 -0.01   0.01
 29.6116
0.481754
100.01  -0.01
 -0.01   0.01
 30.0934
0.425779
100.01  -0.01
 -0.01   0.01
 30.5192
0.368125
100.01  -0.01
 -0.01   0.01
 30.8873
0.309017
100.01  -0.01
 -0.01   0.01
31.1963
0.24869
100.01  -0.01
 -0.01   0.01
  31.445
0.187381
100.01  -0.01
 -0.01   0.01
 31.6324
0.125333
100.01  -0.01
 -0.01   0.01
  31.7577
0.0627905
100.01  -0.01
 -0.01   0.01
     31.8205
-1.91725e-14
100.01  -0.01
 -0.01   0.01
   31.8205
-0.0627905
100.01  -0.01
 -0.01   0.01
  31.7577
-0.125333
100.01  -0.01
 -0.01   0.01
  31.6324
-0.187381
100.01  -0.01
 -0.01   0.01
  31.445
-0.24869
100.01  -0.01
 -0.01   0.01
  31.1963
-0.309017
100.01  -0.01
 -0.01   0.01
  30.8873
-0.368125
100.01  -0.01
 -0.01   0.01
  30.5192
-0.425779
100.01  -0.01
 -0.01   0.01
  30.0934
-0.481754
100.01  -0.01
 -0.01   0.01
  29.6116
-0.535827
100.01  -0.01
 -0.01   0.01
  29.0758
-0.587785
100.01  -0.01
 -0.01   0.01
   28.488
-0.637424
100.01  -0.01
 -0.01   0.01
  27.8506
-0.684547
100.01  -0.01
 -0.01   0.01
  27.1661
-0.728969
100.01  -0.01
 -0.01   0.01
  26.4371
-0.770513
100.01  -0.01
 -0.01   0.01
  25.6666
-0.809017
100.01  -0.01
 -0.01   0.01
  24.8576
-0.844328
100.01  -0.01
 -0.01   0.01
  24.0132
-0.876307
100.01  -0.01
 -0.01   0.01
  23.1369
-0.904827
100.01  -0.01
 -0.01   0.01
  22.2321
-0.929776
100.01  -0.01
 -0.01   0.01
  21.3023
-0.951057
100.01  -0.01
 -0.01   0.01
  20.3513
-0.968583
100.01  -0.01
 -0.01   0.01
  19.3827
-0.982287
100.01  -0.01
 -0.01   0.01
  18.4004
-0.992115
100.01  -0.01
 -0.01   0.01
  17.4083
-0.998027
100.01  -0.01
 -0.01   0.01
16.4103
     -1
100.01  -0.01
 -0.01   0.01
  15.4103
-0.998027
100.01  -0.01
 -0.01   0.01
  14.4122
-0.992115
100.01  -0.01
 -0.01   0.01
  13.4201
-0.982287
100.01  -0.01
 -0.01   0.01
  12.4378
-0.968583
100.01  -0.01
 -0.01   0.01
  11.4692
-0.951057
100.01  -0.01
 -0.01   0.01
  10.5182
-0.929776
100.01  -0.01
 -0.01   0.01
  9.58841
-0.904827
100.01  -0.01
 -0.01   0.01
  8.68359
-0.876307
100.01  -0.01
 -0.01   0.01
  7.80728
-0.844328
100.01  -0.01
 -0.01   0.01
  6.96295
-0.809017
100.01  -0.01
 -0.01   0.01
  6.15393
-0.770513
100.01  -0.01
 -0.01   0.01
  5.38342
-0.728969
100.01  -0.01
 -0.01   0.01
  4.65445
-0.684547
100.01  -0.01
 -0.01   0.01
  3.96991
-0.637424
100.01  -0.01
 -0.01   0.01
  3.33248
-0.587785
100.01  -0.01
 -0.01   0.01
   2.7447
-0.535827
100.01  -0.01
 -0.01   0.01
  2.20887
-0.481754
100.01  -0.01
 -0.01   0.01
  1.72712
-0.425779
100.01  -0.01
 -0.01   0.01
  1.30134
-0.368125
100.01  -0.01
 -0.01   0.01
 0.933212
-0.309017
100.01  -0.01
 -0.01   0.01
0.624195
-0.24869
100.01  -0.01
 -0.01   0.01
 0.375505
-0.187381
100.01  -0.01
 -0.01   0.01
 0.188124
-0.125333
100.01  -0.01
 -0.01   0.01
 0.0627905
-0.0627905
100.01  -0.01
 -0.01   0.01
-1.2794e-13
2.61555e-14
100.01  -0.01
 -0.01   0.01
-1.01785e-13
   0.0627905
100.01  -0.01
 -0.01   0.01
0.0627905
 0.125333
100.01  -0.01
 -0.01   0.01
0.188124
0.187381
100.01  -0.01
 -0.01   0.01
0.375505
 0.24869
100.01  -0.01
 -0.01   0.01
0.624195
0.309017
100.01  -0.01
 -0.01   0.01
0.933212
0.368125
100.01  -0.01
 -0.01   0.01
 1.30134
0.425779
100.01  -0.01
 -0.01   0.01
 1.72712
0.481754
100.01  -0.01
 -0.01   0.01
 2.20887
0.535827
100.01  -0.01
 -0.01   0.01
  2.7447
0.587785
100.01  -0.01
 -0.01   0.01
 3.33248
0.637424
100.01  -0.01
 -0.01   0.01
 3.96991
0.684547
100.01  -0.01
 -0.01   0.01
 4.65445
0.728969
100.01  -0.01
 -0.01   0.01
 5.38342
0.770513
100.01  -0.01
 -0.01   0.01
 6.15393
0.809017
100.01  -0.01
 -0.01   0.01
 6.96295
0.844328
100.01  -0.01
 -0.01   0.01
 7.80728
0.876307
100.01  -0.01
 -0.01   0.01
 8.68359
0.904827
100.01  -0.01
 -0.01   0.01
 9.58841
0.929776
100.01  -0.01
 -0.01   0.01
 10.5182
0.951057
100.01  -0.01
 -0.01   0.01
 11.4692
0.968583
100.01  -0.01
 -0.01   0.01
 12.4378
0.982287
100.01  -0.01
 -0.01   0.01
 13.4201
0.992115
100.01  -0.01
 -0.01   0.01
 14.4122
0.998027
100.01  -0.01
 -0.01   0.01
15.4103
      1
100.01  -0.01
 -0.01   0.01
 16.4103
0.998027
100.01  -0.01
 -0.01   0.01
 17.4083
0.992115
100.01  -0.01
 -0.01   0.01
 18.4004
0.982287
100.01  -0.01
 -0.01   0.01
 19.3827
0.968583
100.01  -0.01
 -0.01   0.01
 20.3513
0.951057
100.01  -0.01
 -0.01   0.01
 21.3023
0.929776
100.01  -0.01
 -0.01   0.01
 22.2321
0.904827
100.01  -0.01
 -0.01   0.01
 23.1369
0.876307
100.01  -0.01
 -0.01   0.01
 24.0132
0.844328
100.01  -0.01
 -0.01   0.01
 24.8576
0.809017
100.01  -0.01
 -0.01   0.01
 25.6666
0.770513
100.01  -0.01
 -0.01   0.01
 26.4371
0.728969
100.01  -0.01
 -0.01   0.01
 27.1661
0.684547
100.01  -0.01
 -0.01   0.01
 27.8506
0.637424
100.01  -0.01
 -0.01   0.01
  28.488
0.587785
100.01  -0.01
 -0.01   0.01
 29.0758
0.535827
100.01  -0.01
 -0.01   0.01
 29.6116
0.481754
100.01  -0.01
 -0.01   0.01
 30.0934
0.425779
100.01  -0.01
 -0.01   0.01
 30.5192
0.368125
100.01  -0.01
 -0.01   0.01
 30.8873
0.309017
100.01  -0.01
 -0.01   0.01
31.1963
0.24869
100.01  -0.01
 -0.01   0.01
  31.445
0.187381
100.01  -0.01
 -0.01   0.01
 31.6324
0.125333
100.01  -0.01
 -0.01   0.01
  31.7577
0.0627905
100.01  -0.01
 -0.01   0.01
     31.8205
-3.49148e-14
100.01  -0.01
 -0.01   0.01
   31.8205
-0.0627905
100.01  -0.01
 -0.01   0.01
  31.7577
-0.125333
100.01  -0.01
 -0.01   0.01
  31.6324
-0.187381
100.01  -0.01
 -0.01   0.01
  31.445
-0.24869
100.01  -0.01
 -0.01   0.01
  31.1963
-0.309017
100.01  -0.01
 -0.01   0.01
  30.8873
-0.368125
100.01  -0.01
 -0.01   0.01
  30.5192
-0.425779
100.01  -0.01
 -0.01   0.01
  30.0934
-0.481754
100.01  -0.01
 -0.01   0.01
  29.6116
-0.535827
100.01  -0.01
 -0.01   0.01
  29.0758
-0.587785
100.01  -0.01
 -0.01   0.01
   28.488
-0.637424
100.01  -0.01
 -0.01   0.01
  27.8506
-0.684547
100.01  -0.01
 -0.01   0.01
  27.1661
-0.728969
100.01  -0.01
 -0.01   0.01
  26.4371
-0.770513
100.01  -0.01
 -0.01   0.01
  25.6666
-0.809017
100.01  -0.01
 -0.01   0.01
  24.8576
-0.844328
100.01  -0.01
 -0.01   0.01
  24.0132
-0.876307
100.01  -0.01
 -0.01   0.01
  23.1369
-0.904827
100.01  -0.01
 -0.01   0.01
  22.2321
-0.929776
100.01  -0.01
 -0.01   0.01
  21.3023
-0.951057
100.01  -0.01
 -0.01   0.01
  20.3513
-0.968583
100.01  -0.01
 -0.01   0.01
  19.3827
-0.982287
100.01  -0.01
 -0.01   0.01
  18.4004
-0.992115
100.01  -0.01
 -0.01   0.01
  17.4083
-0.998027
100.01  -0.01
 -0.01   0.01
16.4103
     -1
100.01  -0.01
 -0.01   0.01
  15.4103
-0.998027
100.01  -0.01
 -0.01   0.01
  14.4122
-0.992115
100.01  -0.01
 -0.01   0.01
  13.4201
-0.982287
100.01  -0.01
 -0.01   0.01
  12.4378
-0.968583
100.01  -0.01
 -0.01   0.01
  11.4692
-0.951057
100.01  -0.01
 -0.01   0.01
  10.5182
-0.929776
100.01  -0.01
 -0.01   0.01
  9.58841
-0.904827
100.01  -0.01
 -0.01   0.01
  8.68359
-0.876307
100.01  -0.01
 -0.01   0.01
  7.80728
-0.844328
100.01  -0.01
 -0.01   0.01
  6.96295
-0.809017
100.01  -0.01
 -0.01   0.01
  6.15393
-0.770513
100.01  -0.01
 -0.01   0.01
  5.38342
-0.728969
100.01  -0.01
 -0.01   0.01
  4.65445
-0.684547
100.01  -0.01
 -0.01   0.01
  3.96991
-0.637424
100.01  -0.01
 -0.01   0.01
  3.33248
-0.587785
100.01  -0.01
 -0.01   0.01
   2.7447
-0.535827
100.01  -0.01
 -0.01   0.01
  2.20887
-0.481754
100.01  -0.01
 -0.01   0.01
  1.72712
-0.425779
100.01  -0.01
 -0.01   0.01
  1.30134
-0.368125
100.01  -0.01
 -0.01   0.01
 0.933212
-0.309017
100.01  -0.01
 -0.01   0.01
0.624195
-0.24869
100.01  -0.01
 -0.01   0.01
 0.375505
-0.187381
100.01  -0.01
 -0.01   0.01
 0.188124
-0.125333
100.01  -0.01
 -0.01   0.01
 0.0627905
-0.0627905
100.01  -0.01
 -0.01   0.01
-2.17166e-13
 4.18978e-14
100.01  -0.01
 -0.01   0.01
-1.75268e-13
   0.0627905
100.01  -0.01
 -0.01   0.01
0.0627905
 0.125333
100.01  -0.01
 -0.01   0.01
0.188124
0.187381
100.01  -0.01
 -0.01   0.01
0.375505
 0.24869
100.01  -0.01
 -0.01   0.01
0.624195
0.309017
100.01  -0.01
 -0.01   0.01
0.933212
0.368125
100.01  -0.01
 -0.01   0.01
 1.30134
0.425779
100.01  -0.01
 -0.01   0.01
 1.72712
0.481754
100.01  -0.01
 -0.01   0.01
 2.20887
0.535827
100.01  -0.01
 -0.01   0.01
  2.7447
0.587785
100.01  -0.01
 -0.01   0.01
 3.33248
0.637424
100.01  -0.01
 -0.01   0.01
 3.96991
0.684547
100.01  -0.01
 -0.01   0.01
 4.65445
0.728969
100.01  -0.01
 -0.01   0.01
 5.38342
0.770513
100.01  -0.01
 -0.01   0.01
 6.15393
0.809017
100.01  -0.01
 -0.01   0.01
 6.96295
0.844328
100.01  -0.01
 -0.01   0.01
 7.80728
0.876307
100.01  -0.01
 -0.01   0.01
 8.68359
0.904827
100.01  -0.01
 -0.01   0.01
 9.58841
0.929776
100.01  -0.01
 -0.01   0.01
 10.5182
0.951057
100.01  -0.01
 -0.01   0.01
 11.4692
0.968583
100.01  -0.01
 -0.01   0.01
 12.4378
0.982287
100.01  -0.01
 -0.01   0.01
 13.4201
0.992115
100.01  -0.01
 -0.01   0.01
 14.4122
0.998027
100.01  -0.01
 -0.01   0.01
15.4103
      1
100.01  -0.01
 -0.01   0.01
 16.4103
0.998027
100.01  -0.01
 -0.01   0.01
 17.4083
0.992115
100.01  -0.01
 -0.01   0.01
 18.4004
0.982287
100.01  -0.01
 -0.01   0.01
 19.3827
0.968583
100.01  -0.01
 -0.01   0.01
 20.3513
0.951057
100.01  -0.01
 -0.01   0.01
 21.3023
0.929776
100.01  -0.01
 -0.01   0.01
 22.2321
0.904827
100.01  -0.01
 -0.01   0.01
 23.1369
0.876307
100.01  -0.01
 -0.01   0.01
 24.0132
0.844328
100.01  -0.01
 -0.01   0.01
 24.8576
0.809017
100.01  -0.01
 -0.01   0.01
 25.6666
0.770513
100.01  -0.01
 -0.01   0.01
 26.4371
0.728969
100.01  -0.01
 -0.01   0.01
 27.1661
0.684547
100.01  -0.01
 -0.01   0.01
 27.8506
0.637424
100.01  -0.01
 -0.01   0.01
  28.488
0.587785
100.01  -0.01
 -0.01   0.01
 29.0758
0.535827
100.01  -0.01
 -0.01   0.01
 29.6116
0.481754
100.01  -0.01
 -0.01   0.01
 30.0934
0.425779
100.01  -0.01
 -0.01   0.01
 30.5192
0.368125
100.01  -0.01
 -0.01   0.01
 30.8873
0.309017
100.01  -0.01
 -0.01   0.01
31.1963
0.24869
100.01  -0.01
 -0.01   0.01
  31.445
0.187381
100.01  -0.01
 -0.01   0.01
 31.6324
0.125333
100.01  -0.01
 -0.01   0.01
  31.7577
0.0627905
100.01  -0.01
 -0.01   0.01
     31.8205
-4.88807e-14
100.01  -0.01
 -0.01   0.01
   31.8205
-0.0627905
100.01  -0.01
 -0.01   0.01
  31.7577
-0.125333
100.01  -0.01
 -0.01   0.01
  31.6324
-0.187381
100.01  -0.01
 -0.01   0.01
  31.445
-0.24869
100.01  -0.01
 -0.01   0.01
  31.1963
-0.309017
100.01  -0.01
 -0.01   0.01
  30.8873
-0.368125
100.01  -0.01
 -0.01   0.01
  30.5192
-0.425779
100.01  -0.01
 -0.01   0.01
  30.0934
-0.481754
100.01  -0.01
 -0.01   0.01
  29.6116
-0.535827
100.01  -0.01
 -0.01   0.01
  29.0758
-0.587785
100.01  -0.01
 -0.01   0.01
   28.488
-0.637424
100.01  -0.01
 -0.01   0.01
  27.8506
-0.684547
100.01  -0.01
 -0.01   0.01
  27.1661
-0.728969
100.01  -0.01
 -0.01   0.01
  26.4371
-0.770513
100.01  -0.01
 -0.01   0.01
  25.6666
-0.809017
100.01  -0.01
 -0.01   0.01
  24.8576
-0.844328
100.01  -0.01
 -0.01   0.01
  24.0132
-0.876307
100.01  -0.01
 -0.01   0.01
  23.1369
-0.904827
100.01  -0.01
 -0.01   0.01
  22.2321
-0.929776
100.01  -0.01
 -0.01   0.01
  21.3023
-0.951057
100.01  -0.01
 -0.01   0.01
  20.3513
-0.968583
100.01  -0.01
 -0.01   0.01
  19.3827
-0.982287
100.01  -0.01
 -0.01   0.01
  18.4004
-0.992115
100.01  -0.01
 -0.01   0.01
  17.4083
-0.998027
100.01  -0.01
 -0.01   0.01
16.4103
     -1
100.01  -0.01
 -0.01   0.01
  15.4103
-0.998027
100.01  -0.01
 -0.01   0.01
  14.4122
-0.992115
100.01  -0.01
 -0.01   0.01
  13.4201
-0.982287
100.01  -0.01
 -0.01   0.01
  12.4378
-0.968583
100.01  -0.01
 -0.01   0.01
  11.4692
-0.951057
100.01  -0.01
 -0.01   0.01
  10.5182
-0.929776
100.01  -0.01
 -0.01   0.01
  9.58841
-0.904827
100.01  -0.01
 -0.01   0.01
  8.68359
-0.876307
100.01  -0.01
 -0.01   0.01
  7.80728
-0.844328
100.01  -0.01
 -0.01   0.01
  6.96295
-0.809017
100.01  -0.01
 -0.01   0.01
  6.15393
-0.770513
100.01  -0.01
 -0.01   0.01
  5.38342
-0.728969
100.01  -0.01
 -0.01   0.01
  4.65445
-0.684547
100.01  -0.01
 -0.01   0.01
  3.96991
-0.637424
100.01  -0.01
 -0.01   0.01
  3.33248
-0.587785
100.01  -0.01
 -0.01   0.01
   2.7447
-0.535827
100.01  -0.01
 -0.01   0.01
  2.20887
-0.481754
100.01  -0.01
 -0.01   0.01
  1.72712
-0.425779
100.01  -0.01
 -0.01   0.01
  1.30134
-0.368125
100.01  -0.01
 -0.01   0.01
 0.933212
-0.309017
100.01  -0.01
 -0.01   0.01
0.624195
-0.24869
100.01  -0.01
 -0.01   0.01
 0.375505
-0.187381
100.01  -0.01
 -0.01   0.01
 0.188124
-0.125333
100.01  -0.01
 -0.01   0.01
 0.0627905
-0.0627905
100.01  -0.01
 -0.01   0.01
-4.08632e-13
 3.09947e-14
100.01  -0.01
 -0.01   0.01
-3.77638e-13
   0.0627905
100.01  -0.01
 -0.01   0.01
0.0627905
 0.125333
100.01  -0.01
 -0.01   0.01
0.188124
0.187381
100.01  -0.01
 -0.01   0.01
0.375505
 0.24869
100.01  -0.01
 -0.01   0.01
0.624195
0.309017
100.01  -0.01
 -0.01   0.01
0.933212
0.368125
100.01  -0.01
 -0.01   0.01
 1.30134
0.425779
100.01  -0.01
 -0.01   0.01
 1.72712
0.481754
100.01  -0.01
 -0.01   0.01
 2.20887
0.535827
100.01  -0.01
 -0.01   0.01
  2.7447
0.587785
100.01  -0.01
 -0.01   0.01
 3.33248
0.637424
100.01  -0.01
 -0.01   0.01
 3.96991
0.684547
100.01  -0.01
 -0.01   0.01
 4.65445
0.728969
100.01  -0.01
 -0.01   0.01
 5.38342
0.770513
100.01  -0.01
 -0.01   0.01
 6.15393
0.809017
100.01  -0.01
 -0.01   0.01
 6.96295
0.844328
100.01  -0.01
 -0.01   0.01
 7.80728
0.876307
100.01  -0.01
 -0.01   0.01
 8.68359
0.904827
100.01  -0.01
 -0.01   0.01
 9.58841
0.929776
100.01  -0.01
 -0.01   0.01
 10.5182
0.951057
100.01  -0.01
 -0.01   0.01
 11.4692
0.968583
100.01  -0.01
 -0.01   0.01
 12.4378
0.982287
100.01  -0.01
 -0.01   0.01
 13.4201
0.992115
100.01  -0.01
 -0.01   0.01
 14.4122
0.998027
100.01  -0.01
 -0.01   0.01
15.4103
      1
100.01  -0.01
 -0.01   0.01
 16.4103
0.998027
100.01  -0.01
 -0.01   0.01
 17.4083
0.992115
100.01  -0.01
 -0.01   0.01
 18.4004
0.982287
100.01  -0.01
 -0.01   0.01
 19.3827
0.968583
100.01  -0.01
 -0.01   0.01
 20.3513
0.951057
100.01  -0.01
 -0.01   0.01
 21.3023
0.929776
100.01  -0.01
 -0.01   0.01
 22.2321
0.904827
100.01  -0.01
 -0.01   0.01
 23.1369
0.876307
100.01  -0.01
 -0.01   0.01
 24.0132
0.844328
100.01  -0.01
 -0.01   0.01
 24.8576
0.809017
100.01  -0.01
 -0.01   0.01
 25.6666
0.770513
100.01  -0.01
 -0.01   0.01
 26.4371
0.728969
100.01  -0.01
 -0.01   0.01
 27.1661
0.684547
100.01  -0.01
 -0.01   0.01
 27.8506
0.637424
100.01  -0.01
 -0.01   0.01
  28.488
0.587785
100.01  -0.01
 -0.01   0.01
 29.0758
0.535827
100.01  -0.01
 -0.01   0.01
 29.6116
0.481754
100.01  -0.01
 -0.01   0.01
 30.0934
0.425779
100.01  -0.01
 -0.01   0.01
 30.5192
0.368125
100.01  -0.01
 -0.01   0.01
 30.8873
0.309017
100.01  -0.01
 -0.01   0.01
31.1963
0.24869
100.01  -0.01
 -0.01   0.01
  31.445
0.187381
100.01  -0.01
 -0.01   0.01
 31.6324
0.125333
100.01  -0.01
 -0.01   0.01
  31.7577
0.0627905
100.01  -0.01
 -0.01   0.01
    31.8205
9.70255e-14
100.01  -0.01
 -0.01   0.01
   31.8205
-0.0627905
100.01  -0.01
 -0.01   0.01
  31.7577
-0.125333
100.01  -0.01
 -0.01   0.01
  31.6324
-0.187381
100.01  -0.01
 -0.01   0.01
  31.445
-0.24869
100.01  -0.01
 -0.01   0.01
  31.1963
-0.309017
100.01  -0.01
 -0.01   0.01
  30.8873
-0.368125
100.01  -0.01
 -0.01   0.01
  30.5192
-0.425779
100.01  -0.01
 -0.01   0.01
  30.0934
-0.481754
100.01  -0.01
 -0.01   0.01
  29.6116
-0.535827
100.01  -0.01
 -0.01   0.01
  29.0758
-0.587785
100.01  -0.01
 -0.01   0.01
   28.488
-0.637424
100.01  -0.01
 -0.01   0.01
  27.8506
-0.684547
100.01  -0.01
 -0.01   0.01
  27.1661
-0.728969
100.01  -0.01
 -0.01   0.01
  26.4371
-0.770513
100.01  -0.01
 -0.01   0.01
  25.6666
-0.809017
100.01  -0.01
 -0.01   0.01
  24.8576
-0.844328
100.01  -0.01
 -0.01   0.01
  24.0132
-0.876307
100.01  -0.01
 -0.01   0.01
  23.1369
-0.904827
100.01  -0.01
 -0.01   0.01
  22.2321
-0.929776
100.01  -0.01
 -0.01   0.01
  21.3023
-0.951057
100.01  -0.01
 -0.01   0.01
  20.3513
-0.968583
100.01  -0.01
 -0.01   0.01
  19.3827
-0.982287
100.01  -0.01
 -0.01   0.01
  18.4004
-0.992115
100.01  -0.01
 -0.01   0.01
  17.4083
-0.998027
100.01  -0.01
 -0.01   0.01
16.4103
     -1
100.01  -0.01
 -0.01   0.01
  15.4103
-0.998027
100.01  -0.01
 -0.01   0.01
  14.4122
-0.992115
100.01  -0.01
 -0.01   0.01
  13.4201
-0.982287
100.01  -0.01
 -0.01   0.01
  12.4378
-0.968583
100.01  -0.01
 -0.01   0.01
  11.4692
-0.951057
100.01  -0.01
 -0.01   0.01
  10.5182
-0.929776
100.01  -0.01
 -0.01   0.01
  9.58841
-0.904827
100.01  -0.01
 -0.01   0.01
  8.68359
-0.876307
100.01  -0.01
 -0.01   0.01
  7.80728
-0.844328
100.01  -0.01
 -0.01   0.01
  6.96295
-0.809017
100.01  -0.01
 -0.01   0.01
  6.15393
-0.770513
100.01  -0.01
 -0.01   0.01
  5.38342
-0.728969
100.01  -0.01
 -0.01   0.01
  4.65445
-0.684547
100.01  -0.01
 -0.01   0.01
  3.96991
-0.637424
100.01  -0.01
 -0.01   0.01
  3.33248
-0.587785
100.01  -0.01
 -0.01   0.01
   2.7447
-0.535827
100.01  -0.01
 -0.01   0.01
  2.20887
-0.481754
100.01  -0.01
 -0.01   0.01
  1.72712
-0.425779
100.01  -0.01
 -0.01   0.01
  1.30134
-0.368125
100.01  -0.01
 -0.01   0.01
 0.933212
-0.309017
100.01  -0.01
 -0.01   0.01
0.624195
-0.24869
100.01  -0.01
 -0.01   0.01
 0.375505
-0.187381
100.01  -0.01
 -0.01   0.01
 0.188124
-0.125333
100.01  -0.01
 -0.01   0.01
 0.0627905
-0.0627905
100.01  -0.01
 -0.01   0.01
-3.37016e-13
-2.25046e-13
